Generation 26
32.5870961131225
-3.03
404.079991802719
-345.190581485928


25.6542568944792
-146.55
2998.98263096462
-365.169289176198


88.7707667731629
-284.18
1047.49504792332
-341.848561185337


121.16176874485
-1874.6
1393.36034056578
-336.609481590982


30.7341812912574
-202.32
565.508935759137
-370.686068101547


2.45768606538372
73.43
292.710410387201
-342.47016417831


2.13580128512516
-1921.54
255.014673443944
-284.485538389585


55.253227408143
-2013.2
6630.38728897716
-333.9387667679


5.72104926423544
-2041.32
90.39257837492
-259.955652000145


16.9182964723085
2461.31
2025.12008773533
-365.267917294277


1.29395895558339
613.09
17.4684459003758
-280.777381996846


8.64173857462448
-2027.26
120.12016618728
-261.392721857347


11.9775984583885
-91.65
180.861736721667
-302.821169648393


75.4295269281683
-2094.75
9021.37142060893
-361.692825605479


4201.17909781152
58.35
52094.6208128629
-429.117825693722


1.3296239447429
4.38
15.1577129700691
-287.986282529706


17.5836227380735
2459.12
2104.7596417474
-362.358567740036


1.65986044567349
-120.26
198.187337213415
-301.218617747761


1.28091190108192
1682.51
23.6968701700155
-287.992005894488


1.57129033900895
10.42
188.083453579371
-329.677042167935


10.4081632653061
-1855.47
1244.81632653061
-334.997625636071


1.42516462003915
2399.92
169.452073322655
-335.244061965973


2.45768606538372
73.43
286.320426617204
-340.85416286673


17.2454761469567
2452.04
2064.28349479071
-359.282227013403


1.66125964873028
-6.77
20.1012417496364
-300.253995473102


23.201717859534
-2067
2754.04390992668
-330.592716536805


6.97040998217469
-2003.94
82.9478787878788
-263.101999418266


1.34490238611714
2329.08
16.2733188720174
-296.819468493717


1.32335843906384
-1989.24
16.9389880200172
-270.563243493213


16.6752147711245
-241.32
221.780356455956
-303.77063374615


1.25075644169825
-2021.55
18.7613466254738
-216.680906359895


418.881953368827
73.43
48799.7475674683
-420.949992089381


204.65027634839
-1937.52
2537.66342672003
-323.071847049644


1.48187651029081
2419.76
172.638613448879
-337.122530996241


1.33287414502875
-1990.77
22.9254352944945
-258.94039338431


1.80437424058323
-2025.57
33.2004860267315
-256.526832539846


24.0019320560296
2551.4
276.022218644341
-388.712164816906


21.8879585007765
-1969.92
256.089114459085
-316.371809678046


21.8920094745492
-2034.96
249.568908009861
-287.019272959893


30.4257989765376
-2046.09
532.451482089408
-314.917727199061


17.6436165024871
20.4
303.470203842778
-363.062457688095


3.41392483480176
11.85
408.646802725771
-333.099925826245


1.59156264296451
-17.1
183.029703940919
-302.115865242338


1.7218817161506
-242.82
23.4175913396482
-274.437539340365


319.529785544083
1959.12
3994.12231930103
-385.510000706961


20.5683679170761
-2059.51
2451.74945571547
-307.845900490233


6.38770011095261
-1042.73
72.8197812648597
-302.444543497698


17.0730177115004
-2058.71
1956.56782973795
-292.91717885044


280.253315452243
-53.86
32481.3592609149
-380.250442455625


311.492243332752
227.05
4142.84683632561
-387.190577361046


19.5088132831863
-55.43
230.203996741598
-339.538029378146


1.45204596713565
2164.17
166.549672430459
-308.766107348151


16.6312334907548
-1876.5
1985.76927879613
-308.761691997338


1.26117243943043
17.51
14.629600297393
-272.103156183692


9.74821852731591
-2004.22
122.827553444181
-285.177135905488


213.71974522293
-1892.3
25603.625477707
-372.733734554991


16.7330273012805
-1975.02
1997.92345977289
-321.058230810972


9.30482977038796
-2003.31
117.240855106888
-288.993046145806


19.8793357721553
-1995.91
377.707379670951
-302.414017352483


16.8205260860427
-240.96
223.712996944368
-304.99586100767


1.74730618245263
2397.24
23.7633640813557
-303.790077937192


17.3188870367996
-2079
200.899089626875
-277.128181919613


1.27222719713445
-232
16.9206217218882
-268.395052321215


2.07837246096559
-2087.4
34.2931456059323
-240.58269754603


1335.42682926829
-4.76
16025.1219512195
-388.812614356581


29.3135935397039
2144.84
3335.8869448183
-390.624658580851


1.40035210698884
-2014.97
167.202041574467
-265.167817300558


130.869246957636
2333.98
1635.86558697045
-391.490972908628


2.5049492589488
73.43
291.826588667535
-340.945209782918


4.78552278820375
-1768.12
66.5187667560322
-282.546065223146


2.50825569596901
-2092.22
290.706835162808
-277.882840231953


2.20890604558009
-12.91
262.85981942403
-312.68064512118


1.32211845976717
-2075.75
15.3365741332992
-242.815051573728


17.1282922684792
-2047.46
1969.75361087511
-303.940891526069


279.100741201302
-54.84
32738.5169429128
-389.359297282137


1.32981284976502
0.48
16.8886231920158
-303.31814949908


1.27761329993168
78.56
145.520154862218
-298.996216223284


1.28196451877991
-2048.58
14.614395514091
-242.659855554105


1.55978097145186
-132.43
17.9374811716964
-286.509304138525


1.34043773296378
-1126.62
15.8171652489726
-258.474284184329


1.25817695650098
-1711.38
17.4886596953636
-256.347019359038


1.44367325146823
2410.4
165.589321943406
-317.237466418842


3.26489130809247
-2077.6
374.483033038206
-279.570904558813


16.4513439278007
-2037.36
210.577202275849
-271.744741178593


1.26117243943043
17.61
14.629600297393
-273.095134089528


88.5950950138054
-2015.48
1125.15770667533
-316.545853007273


1.45861215510129
-26.01
20.274708955908
-293.548388373304


21.8176561295297
13.5
255.266576715497
-348.866510520594


17.6596467941143
-2001.12
218.979620247018
-297.189900187114


55.253227408143
-2075.78
6608.2859980139
-312.684979057794


1.27283780757047
-2026.85
14.5103510063034
-224.131680019295


2339.32852524248
2032.5
29007.6737130067
-409.169463521923


1.25005968581388
-1711.38
17.3758296328129
-254.598333031237


8.46361185983828
-1953.18
114.258760107817
-289.315478280013


20.4470322345866
-2059.51
2437.28624236272
-304.510160471818


1.91786748311092
0.24
22.6308363007088
-302.558217948068


103.336817896718
0.03
11780.3972402258
-381.976122132576


2.16642708316509
-1985.26
258.671393729911
-287.889230252533


2.33581749544389
2496.44
276.560791460557
-342.971563810273


16.6752147711245
-240.9
221.780356455956
-305.577492128449


1.72436000644019
-5.64
31.7282241184994
-311.503055447166


20.4290167576598
-2049.74
375.89390834094
-297.644649553076


1.30493295894462
-52.49
18.1385681293303
-291.279112637933


1.67356527575791
-2087.33
20.2501398366708
-241.962884474445


1.2410337972167
-1989.57
18.6155069582505
-236.08556481973


90.400074087794
3.6
10531.608631228
-376.602008260888


19.5145631067961
-2058.21
290.766990291262
-294.664039071896


12.9197744224122
-2082.5
1541.32908859378
-280.840277107756


1.24780119614929
-1163.7
14.224933636102
-222.506958610592


19.8793357721553
-2073.4
2369.61682404091
-285.111196282427


16.9182964723085
2461.48
2025.12008773533
-365.362913169072


1.27222719713445
-2061.79
14.7578354867596
-212.493407170894


16.6506923964611
-1975.02
1988.09267213745
-320.979254012081


27.7829487744738
-2071.08
3220.04376296151
-321.974877359518


1.47169811320755
-2091.28
16.777358490566
-227.620124918011


89.5026856825338
7.74
10427.0628820152
-373.976667565338


1.31955616738261
-24.3
15.7027183918531
-255.173122144471


1.28590131079181
12.09
14.916455205185
-250.421521632122


15.9678303783586
2461.48
1860.25223907878
-364.423737275687


1.73313891069912
2530.16
23.7440030765779
-317.545117659852


6.34331628926224
2.62
99.5900657414171
-318.830541131357


290.393834775922
2505.88
3775.11985208698
-394.042676109281


